0 1
A B 
2 2 -1 -1 -1 0 0 0 0 0 
0 1
A B 
-1 -1 -1 -1 -1 0 0 0 0 0 
0 1
A B 
-1 -1 -1 -1 2 0 0 0 0 0 
0 1
A B 
2 2 2 -1 -1 0 0 0 0 0 
0 1
A B 
-1 -1 -1 -1 -1 0 0 0 0 0 
0 1
A B 
-1 -1 -1 -1 -1 0 0 0 0 0 
0 1
A B 
2 2 2 2 -1 0 0 0 0 0 
0 1
A B 
-1 -1 -1 -1 -1 0 0 0 0 0 
0 1
A B 
-1 -1 -1 -1 -1 0 0 0 0 0 
0 1
A B 
-1 -1 -1 -1 -1 0 0 0 0 0 
0 2
A C 
2 2 -1 -1 -1 -1 0 0 0 0 
0 2
A C 
-1 -1 -1 -1 -1 2 0 0 0 0 
0 2
A C 
-1 -1 -1 -1 2 -1 0 0 0 0 
0 2
A C 
2 2 2 -1 -1 -1 0 0 0 0 
0 2
A C 
-1 -1 -1 -1 -1 -1 0 0 0 0 
0 2
A C 
-1 -1 -1 -1 -1 -1 0 0 0 0 
0 2
A C 
2 2 2 2 -1 -1 0 0 0 0 
0 2
A C 
-1 -1 -1 -1 -1 -1 0 0 0 0 
0 2
A C 
-1 -1 -1 -1 -1 -1 0 0 0 0 
1 2
B C 
-1 -1 2 2 -1 0 0 0 0 0 
1 2
B C 
2 -1 -1 -1 -1 0 0 0 0 0 
1 2
B C 
-1 -1 -1 -1 2 0 0 0 0 0 
1 2
B C 
-1 -1 -1 2 -1 0 0 0 0 0 
1 2
B C 
2 2 -1 -1 -1 0 0 0 0 0 
1 2
B C 
-1 -1 -1 -1 -1 0 0 0 0 0 
1 2
B C 
-1 -1 -1 -1 -1 0 0 0 0 0 
1 2
B C 
2 2 2 -1 -1 0 0 0 0 0 
1 2
B C 
-1 -1 -1 -1 -1 0 0 0 0 0 
1 2
B C 
-1 -1 -1 -1 -1 0 0 0 0 0 
0 3
A D 
2 2 -1 -1 -1 -1 2 0 0 0 
0 3
A D 
-1 -1 -1 -1 -1 2 -1 0 0 0 
0 3
A D 
-1 -1 -1 -1 2 -1 -1 0 0 0 
0 3
A D 
2 2 2 -1 -1 -1 -1 0 0 0 
0 3
A D 
-1 -1 -1 -1 -1 -1 -1 0 0 0 
0 3
A D 
-1 -1 -1 -1 -1 -1 -1 0 0 0 
0 3
A D 
2 2 2 2 -1 -1 -1 0 0 0 
0 3
A D 
-1 -1 -1 -1 -1 -1 -1 0 0 0 
1 3
B D 
-1 -1 2 2 -1 -1 0 0 0 0 
1 3
B D 
2 -1 -1 -1 -1 2 0 0 0 0 
1 3
B D 
-1 -1 -1 -1 2 -1 0 0 0 0 
1 3
B D 
-1 -1 -1 2 -1 -1 0 0 0 0 
1 3
B D 
2 2 -1 -1 -1 -1 0 0 0 0 
1 3
B D 
-1 -1 -1 -1 -1 -1 0 0 0 0 
1 3
B D 
-1 -1 -1 -1 -1 -1 0 0 0 0 
1 3
B D 
2 2 2 -1 -1 -1 0 0 0 0 
1 3
B D 
-1 -1 -1 -1 -1 -1 0 0 0 0 
2 3
C D 
-1 -1 -1 2 -1 0 0 0 0 0 
2 3
C D 
-1 2 2 -1 -1 0 0 0 0 0 
2 3
C D 
-1 -1 -1 -1 2 0 0 0 0 0 
2 3
C D 
-1 -1 -1 2 -1 0 0 0 0 0 
2 3
C D 
-1 -1 2 -1 -1 0 0 0 0 0 
2 3
C D 
2 -1 -1 -1 -1 0 0 0 0 0 
2 3
C D 
-1 -1 -1 -1 -1 0 0 0 0 0 
2 3
C D 
-1 -1 -1 -1 -1 0 0 0 0 0 
2 3
C D 
2 2 -1 -1 -1 0 0 0 0 0 
2 3
C D 
-1 -1 -1 -1 -1 0 0 0 0 0 
